includes/bs_srtm30.asc
ncols        101
nrows        139
xllcorner    295129.163634492725
yllcorner    1624787.130512699485
cellsize     30.339281122069
[rows 56 to 111 of 139, columns 0 to 95 of 101]
62 61 62 62 63 65 65 66 68 67 66 66 67 66 61 53 54 56 56 52 48 44 40 38 36 36 36 39 43 47 49 51 54 52 50 48 47 47 46 41 41 39 34 29 30 30 34 39 43 48 53 58 63 59 53 51 48 42 40 40 41 43 45 46 48 49 47 43 38 34 29 24 19 18 18 18 19 21 20 19 20 19 16 13 12 13 11 12 13 12 12 13 14 15 16 16
60 60 60 60 63 65 65 68 68 68 68 70 73 68 62 56 55 54 53 48 41 37 36 37 36 37 38 40 44 48 51 55 57 56 52 47 44 43 41 39 40 40 34 29 30 30 30 34 39 44 51 58 62 59 54 55 44 40 40 39 40 42 43 43 46 47 46 43 38 32 28 22 18 17 16 16 17 19 18 17 17 18 15 11 11 11 10 12 14 13 12 13 14 15 16 15
57 58 59 59 61 64 65 67 68 69 69 70 70 67 61 56 53 52 48 44 39 36 37 39 40 42 43 44 48 51 55 61 62 58 54 50 46 45 44 42 40 37 33 29 27 29 31 31 35 42 48 54 58 55 55 51 46 42 40 38 38 41 43 43 43 46 47 43 36 30 23 19 18 16 16 15 15 16 16 15 17 16 14 12 12 12 13 14 15 14 13 14 14 14 14 15
54 55 57 60 63 63 64 65 68 68 65 65 68 68 59 54 51 49 47 42 40 38 40 41 42 45 47 49 52 56 62 68 68 62 56 53 50 48 46 44 40 35 33 28 25 26 28 29 34 41 46 50 52 52 53 51 48 44 41 38 35 37 40 39 38 42 43 38 33 28 23 20 18 17 16 16 15 18 17 18 17 16 14 14 15 15 15 16 15 13 14 14 13 13 14 15
54 54 56 61 64 62 63 64 65 64 59 62 67 63 57 53 50 49 44 41 40 39 40 43 45 49 51 52 56 60 67 71 68 64 62 54 48 47 43 42 38 34 31 29 25 26 28 32 37 41 43 46 49 49 51 50 48 44 42 38 33 35 35 35 36 38 36 33 29 26 23 20 18 17 17 17 16 18 19 20 19 18 18 16 16 16 16 16 14 13 14 14 13 13 14 16
53 55 58 61 63 60 62 61 59 59 58 60 59 59 57 55 51 47 43 41 41 40 39 42 47 50 52 55 58 63 67 66 66 65 62 52 48 46 43 41 38 33 32 30 28 28 29 33 37 39 39 41 42 45 48 50 49 46 43 39 36 32 30 32 35 35 32 29 27 23 21 20 18 18 19 19 19 19 20 21 21 20 20 19 18 18 17 15 13 13 14 14 13 14 15 16
53 55 58 60 57 57 58 57 54 54 55 55 56 56 57 55 50 43 39 38 40 39 39 42 51 54 56 56 59 65 68 67 66 63 57 50 48 47 45 42 39 36 35 34 32 30 27 30 33 32 32 36 38 44 49 51 52 51 46 40 33 29 28 30 31 31 29 26 23 24 23 22 20 18 19 20 19 18 19 21 21 21 21 21 22 20 17 16 13 13 14 15 13 14 15 15
53 55 56 58 54 54 56 54 53 51 50 52 54 56 55 54 50 44 37 36 38 38 39 46 53 56 58 57 60 67 69 68 65 60 54 49 47 46 44 43 40 37 36 34 32 30 27 28 30 30 31 34 40 45 48 50 53 54 49 39 32 28 27 26 26 25 24 21 22 22 22 22 19 16 15 20 20 18 18 20 21 22 22 22 20 19 18 16 13 13 14 14 13 14 15 15
55 55 56 56 53 52 52 52 52 51 49 49 52 53 52 53 52 45 40 39 41 40 38 44 52 55 58 59 62 66 68 68 64 60 54 48 46 44 42 40 39 37 34 32 31 30 28 29 31 32 32 33 37 42 45 49 51 48 46 40 33 30 27 26 24 22 20 18 19 19 19 19 17 13 14 20 22 21 20 21 23 21 19 18 17 19 18 16 13 13 15 14 13 15 16 16
56 56 57 57 53 49 49 50 51 50 48 48 50 49 49 51 48 45 44 45 45 44 44 48 53 57 59 60 63 64 65 64 63 61 53 47 46 44 41 39 38 37 34 32 32 30 28 29 32 33 34 33 35 38 41 48 49 47 43 40 37 32 29 29 26 24 21 18 18 19 18 18 16 14 16 18 21 22 21 22 23 22 19 17 17 16 16 13 10 11 13 13 11 13 15 13
53 53 56 57 53 49 48 49 49 50 50 51 50 48 48 48 46 45 49 50 50 50 51 54 57 60 62 62 64 65 64 62 61 60 53 47 45 45 42 37 37 37 36 34 32 30 28 27 30 33 32 31 33 38 43 46 49 47 44 42 37 32 31 29 26 23 22 20 19 19 19 19 18 13 15 17 19 21 20 19 20 19 19 17 15 16 15 11 9 9 10 13 12 11 12 11
50 52 54 56 54 50 49 48 49 50 52 51 50 48 48 47 47 48 51 52 52 54 58 61 62 63 63 64 65 67 67 64 61 58 52 43 42 42 40 37 36 36 37 35 31 28 26 26 28 30 28 28 32 38 43 46 47 48 46 42 36 34 30 28 23 21 20 20 19 18 18 17 17 13 15 17 18 18 16 15 20 19 18 15 15 16 16 12 9 7 10 12 12 10 11 10
49 51 52 53 52 50 48 47 47 49 51 50 47 48 49 51 52 53 53 54 55 56 59 63 64 65 65 65 66 67 66 64 61 57 49 45 41 41 41 37 34 33 34 31 28 25 25 26 27 27 27 27 31 37 43 46 47 47 47 41 35 33 30 26 24 21 20 20 19 17 17 15 15 14 16 17 18 17 15 15 14 13 13 13 13 16 16 13 10 8 9 11 11 10 10 11
48 49 49 49 49 48 48 46 45 47 48 46 45 47 52 55 55 54 53 54 55 56 59 61 63 65 65 65 67 66 65 63 58 55 51 49 43 43 39 34 32 32 34 32 26 25 25 26 26 26 26 28 32 34 37 43 45 45 43 34 31 29 28 26 25 22 21 21 18 16 15 13 13 13 15 18 18 17 15 14 13 10 10 11 12 15 15 14 12 10 9 9 10 10 10 12
46 47 48 48 45 46 46 44 45 46 46 44 44 48 52 54 55 54 53 55 57 56 58 61 62 63 64 66 66 66 65 61 55 51 48 43 41 38 36 34 32 32 33 32 28 27 27 26 25 24 25 27 29 32 35 40 41 40 36 30 29 27 27 26 25 23 21 21 18 14 13 12 11 12 15 16 18 18 15 13 13 11 10 9 10 13 15 15 14 13 11 10 11 10 9 12
46 48 48 49 47 46 46 46 46 48 47 45 47 49 52 54 54 54 54 57 58 58 58 60 61 62 64 66 66 66 64 61 53 47 44 41 38 38 39 36 33 32 33 33 32 29 27 25 24 24 25 26 28 30 32 35 35 35 33 30 27 25 25 26 24 20 19 19 17 14 13 13 13 13 15 16 17 17 15 13 12 12 10 9 9 10 13 14 14 13 14 12 11 10 9 11
48 48 49 51 50 50 51 48 47 48 49 49 50 51 53 54 55 54 55 58 59 59 59 60 61 62 63 65 64 63 61 57 51 49 49 48 44 45 43 38 37 36 36 38 40 36 31 24 26 24 24 24 25 24 26 28 31 33 32 28 25 23 23 24 22 17 16 17 15 13 14 15 15 13 14 13 14 15 15 14 12 11 10 9 10 10 12 13 11 13 14 11 11 10 10 10
49 49 51 52 53 52 52 48 47 48 50 50 50 51 52 54 55 55 56 57 58 58 59 59 61 62 62 61 61 60 59 57 57 57 58 58 55 51 47 45 44 42 42 42 45 47 36 28 27 24 22 22 22 22 24 26 28 31 30 24 23 22 22 23 21 16 15 15 14 11 12 15 15 14 14 10 11 14 15 14 12 12 10 13 13 12 13 13 12 12 12 11 10 11 12 11
51 52 53 52 52 50 49 49 49 50 51 50 50 52 53 54 55 55 56 57 57 59 59 60 62 62 60 59 61 62 62 62 61 61 61 60 57 54 52 51 49 49 49 46 48 49 42 33 31 26 22 21 22 22 23 24 26 30 28 24 22 21 22 23 20 17 14 14 12 10 12 15 14 14 13 10 9 11 12 13 15 13 13 16 18 15 15 13 11 11 11 10 10 10 12 12
53 55 53 51 50 49 49 50 51 51 51 51 51 52 53 54 54 55 55 55 56 59 61 60 61 60 58 58 62 64 63 63 62 61 61 59 57 57 58 57 54 53 53 50 48 48 42 35 31 25 21 20 23 23 23 23 26 28 26 24 23 21 21 20 18 13 12 11 12 10 10 12 12 13 12 10 11 11 10 11 13 14 14 17 18 17 16 13 10 10 11 12 11 10 11 11
55 55 53 51 51 50 51 52 52 51 51 50 51 52 52 52 53 54 55 54 56 59 59 59 58 57 55 56 60 64 62 62 61 62 61 58 57 56 57 55 52 51 51 49 46 45 43 37 28 23 20 21 24 24 21 22 24 25 23 22 22 20 20 19 16 12 11 12 13 12 12 14 13 11 9 10 12 12 10 9 11 12 13 15 17 17 17 12 9 10 13 14 12 10 11 12
55 54 52 51 51 51 53 54 53 52 51 50 52 53 52 52 53 54 55 56 57 59 58 57 56 54 53 55 58 60 60 59 60 62 63 60 56 53 51 51 48 48 48 45 44 43 42 36 26 21 20 22 25 23 21 22 23 22 20 19 19 20 20 19 17 12 11 10 14 14 15 15 14 12 10 8 10 11 9 9 10 10 11 14 15 16 16 12 9 11 14 14 12 11 12 13
53 53 53 52 52 52 54 54 53 52 51 51 54 54 53 51 52 53 54 56 59 59 58 58 56 53 51 53 55 56 55 55 56 59 63 60 57 53 51 48 46 47 45 41 40 38 37 34 27 22 22 22 23 21 19 23 22 20 18 17 17 19 20 19 17 13 11 11 14 15 15 16 14 13 10 8 10 11 9 9 9 8 9 12 14 16 16 14 12 13 14 14 12 12 13 13
53 55 55 54 52 52 52 54 55 54 53 54 55 55 53 51 50 51 53 55 57 57 57 55 53 50 50 52 54 55 55 54 54 57 59 59 56 53 50 46 45 45 43 39 38 36 34 34 29 24 24 22 21 20 19 20 21 20 19 17 18 19 20 18 17 13 13 14 14 14 14 14 14 13 13 13 13 13 12 11 8 7 8 10 13 16 16 15 14 13 13 13 14 14 13 13
54 56 56 55 53 51 52 54 55 55 54 54 56 55 54 53 51 51 52 55 55 53 52 49 47 47 48 50 52 53 54 56 56 57 57 56 53 50 47 42 42 41 41 40 39 37 36 37 35 27 27 23 22 21 18 18 20 21 21 19 18 19 19 17 15 13 14 13 12 11 10 10 12 14 15 16 16 15 14 12 8 8 10 11 12 15 16 14 12 12 13 13 14 14 13 13
55 57 58 56 54 53 54 54 54 53 54 55 56 55 54 54 51 51 54 54 54 53 50 48 46 45 46 48 51 50 51 54 54 54 54 53 51 49 44 39 39 37 38 39 38 38 36 37 37 34 31 24 22 21 19 19 20 20 20 19 18 19 18 16 11 11 11 10 8 9 8 9 11 14 15 16 17 16 14 11 10 11 13 12 13 15 15 13 12 14 14 13 14 15 15 15
57 58 58 57 56 55 56 56 55 54 54 56 56 56 55 54 51 52 55 54 54 52 50 47 46 44 43 45 47 47 49 52 52 51 52 53 51 47 42 40 40 38 37 38 37 36 36 37 39 38 31 27 24 21 20 20 18 20 20 18 15 16 15 15 11 9 8 9 9 10 10 10 13 13 14 15 15 13 11 11 11 13 15 14 14 15 14 13 14 16 15 14 15 16 17 17
58 58 57 56 56 56 56 57 56 55 55 56 56 57 56 55 53 53 55 56 54 51 48 44 44 43 41 41 43 45 48 51 51 50 51 52 49 43 42 42 42 39 37 36 36 35 37 38 37 35 34 31 24 21 19 18 18 18 19 18 15 12 14 15 14 11 10 10 11 11 11 11 12 13 14 16 15 11 10 11 13 15 17 18 16 15 15 14 15 17 16 14 15 16 17 16
57 56 55 55 56 54 53 54 55 55 57 58 57 58 57 55 54 54 56 57 54 52 47 43 42 41 40 40 42 43 45 47 49 48 50 50 47 43 42 42 42 38 34 34 34 35 36 38 35 32 32 29 25 22 19 18 16 16 18 19 16 16 14 15 15 13 11 11 9 10 10 10 10 11 14 16 14 11 10 11 15 15 18 20 18 16 15 13 14 15 14 13 15 16 16 15
55 54 54 56 56 54 53 53 54 55 56 56 56 57 56 55 56 56 57 56 52 49 47 43 41 40 39 40 40 40 42 43 44 47 50 49 48 46 44 43 41 36 31 31 31 33 36 36 35 32 29 27 24 22 19 18 17 17 18 19 20 21 16 18 18 16 13 9 8 7 9 9 9 11 13 14 12 9 9 12 14 14 17 20 19 17 15 13 12 14 13 14 16 17 17 15
54 54 52 54 56 53 54 54 53 53 52 51 51 53 55 56 56 56 55 53 49 47 46 44 42 40 39 39 39 40 40 40 40 45 46 47 47 46 43 41 40 35 32 31 31 32 35 36 35 31 28 27 24 21 19 18 18 17 17 18 19 18 17 18 19 18 13 9 8 9 9 8 9 11 12 11 11 10 10 13 15 14 17 18 18 19 17 14 14 15 16 17 19 19 17 15
55 52 49 51 52 52 52 53 51 49 48 47 48 51 53 54 54 53 51 49 47 45 44 43 41 40 39 40 40 39 39 38 38 40 42 44 45 44 41 38 37 34 32 32 31 31 34 35 34 29 28 25 22 20 18 16 17 16 16 16 17 14 15 16 17 16 13 9 9 10 10 9 10 12 11 11 12 10 9 12 15 16 17 17 19 20 18 15 15 19 18 18 18 18 17 15
56 53 50 50 51 48 48 50 49 47 46 45 45 47 50 51 52 51 50 48 45 43 41 41 39 39 40 40 39 38 37 38 37 38 39 42 42 42 39 37 36 33 32 32 31 30 31 33 34 29 24 21 21 21 19 16 16 16 16 15 16 16 16 17 16 14 12 10 11 12 12 10 10 13 11 11 12 11 8 10 15 16 18 18 18 18 17 12 13 17 19 18 16 16 15 15
60 56 50 48 47 45 46 47 45 45 46 44 44 45 46 48 50 49 48 46 43 40 37 36 36 37 38 38 37 34 33 33 33 35 36 37 37 38 34 34 33 31 31 32 31 28 28 33 30 24 22 20 21 21 20 17 15 16 16 15 15 15 16 18 17 15 13 12 12 12 12 10 11 11 10 10 13 11 8 11 14 16 18 18 15 15 14 12 9 13 20 17 16 16 16 17
59 54 47 45 45 43 45 42 41 43 44 44 44 44 44 46 46 46 45 44 42 40 35 34 33 33 34 33 33 31 29 29 29 32 34 32 31 29 28 29 29 31 31 32 30 28 28 28 26 24 22 20 20 21 19 17 15 14 14 14 14 14 15 16 17 16 16 13 13 12 11 11 9 9 10 13 14 12 11 13 15 16 16 15 14 14 17 12 11 16 18 18 16 16 17 17
57 50 46 45 44 43 42 41 40 40 40 41 42 43 44 46 44 44 43 41 42 41 34 32 32 32 32 32 32 30 27 27 27 30 30 30 30 27 25 24 24 27 32 32 30 28 27 26 25 23 21 19 20 19 18 16 14 12 13 15 16 14 13 15 15 14 14 15 16 14 12 11 11 11 14 16 15 13 12 12 13 13 12 13 14 15 17 12 13 17 17 16 16 16 17 18
56 50 48 47 45 44 41 41 38 37 38 39 41 42 42 43 42 41 40 39 41 39 34 29 31 33 33 32 31 29 26 25 26 26 26 25 27 25 22 20 19 23 32 32 29 27 26 24 22 21 20 20 21 19 18 17 14 12 14 16 17 15 14 15 14 13 13 15 16 15 13 12 11 13 14 14 14 13 11 10 10 11 10 12 13 12 12 12 15 16 17 18 19 18 20 21
60 54 58 55 51 43 41 39 38 39 39 38 39 39 38 39 41 39 38 38 38 37 31 27 31 33 32 31 30 28 26 26 28 26 23 22 24 25 22 20 22 23 28 31 29 26 23 21 21 21 21 22 22 20 19 18 15 13 13 16 17 15 15 16 14 14 15 15 15 16 13 11 11 13 13 12 13 14 13 10 9 9 10 10 10 9 9 10 14 16 18 19 20 21 21 21
74 71 67 62 52 44 42 42 43 43 41 39 36 36 35 36 39 37 36 36 35 34 31 30 32 33 32 31 30 29 28 28 29 26 23 22 24 24 24 20 22 22 22 25 27 26 24 21 21 20 20 22 21 20 20 18 15 14 14 16 17 16 15 15 14 14 15 14 14 15 14 12 11 12 11 11 13 15 14 12 9 7 7 6 8 9 9 11 15 17 19 20 21 22 21 22
82 80 74 65 56 51 52 51 48 47 45 42 37 36 36 36 38 36 36 35 34 32 33 32 33 34 33 33 31 31 29 28 27 26 25 23 24 24 24 23 22 21 21 23 25 26 24 21 20 20 19 20 20 19 19 17 14 14 15 17 17 14 13 14 13 13 14 14 13 14 12 12 12 11 9 11 13 14 15 13 9 9 9 10 11 11 10 14 17 19 21 21 22 23 22 22
80 81 80 75 68 65 60 57 54 51 47 44 40 40 36 38 39 38 37 36 34 32 32 32 33 33 35 35 33 31 30 28 28 28 26 25 24 24 25 24 22 22 22 23 23 24 23 22 22 21 20 20 20 18 17 15 14 13 15 17 15 12 13 12 12 12 13 14 12 9 10 12 13 10 10 11 13 14 15 13 11 13 15 14 13 12 13 17 20 22 22 22 23 23 22 22
81 82 84 80 79 71 65 60 57 53 48 45 43 42 41 40 39 39 38 37 36 33 31 32 32 33 36 37 34 33 32 30 29 29 26 25 25 25 25 24 23 23 23 22 21 23 24 25 25 24 22 21 20 18 16 16 14 13 15 15 12 12 12 11 11 12 13 12 9 6 8 13 13 12 12 13 15 14 14 13 14 15 16 15 14 15 18 20 22 22 23 23 22 22 22 22
80 82 83 81 78 73 67 63 58 53 50 48 45 44 41 40 38 38 38 37 36 34 33 33 34 36 38 40 37 36 36 34 33 29 27 27 26 26 26 25 23 23 22 18 18 23 25 25 25 25 23 22 20 18 17 16 15 14 14 13 12 13 14 12 12 13 13 12 9 8 10 14 15 13 13 13 14 14 14 15 15 15 15 15 17 20 21 21 22 23 24 23 22 22 22 22
79 82 83 81 76 69 66 62 57 52 48 48 45 43 42 39 38 37 37 37 35 35 34 34 34 37 39 41 41 40 41 34 33 31 30 33 34 33 31 27 22 21 21 17 17 22 23 23 23 22 21 20 20 15 15 14 14 14 13 12 14 15 15 14 12 13 14 13 10 10 13 15 13 13 13 12 13 13 13 14 15 14 13 14 16 19 19 19 21 24 25 24 23 22 22 23
82 81 80 80 73 65 61 59 54 50 49 47 43 43 43 40 38 38 37 36 35 35 35 34 34 37 40 41 41 41 41 40 37 34 35 39 41 37 34 29 25 25 23 20 19 20 21 21 21 20 19 18 19 13 12 12 13 14 13 13 15 15 16 14 12 13 13 10 8 10 13 13 12 12 13 13 13 13 13 13 14 14 12 12 14 17 18 19 22 24 27 25 24 22 22 22
84 84 82 80 73 64 60 56 52 48 48 46 44 43 43 40 37 37 38 38 37 35 34 34 35 38 40 41 41 41 41 38 37 38 41 41 40 36 32 31 30 27 24 22 20 19 20 21 21 20 18 18 17 14 12 11 13 14 14 15 13 12 14 15 13 12 10 8 8 9 11 11 11 11 13 12 13 14 14 13 14 12 11 12 15 18 19 18 21 23 26 25 23 21 21 21
88 86 85 81 75 68 63 56 53 49 47 46 45 44 42 40 38 38 39 40 40 38 36 34 35 38 40 41 41 39 38 37 34 40 41 40 37 34 34 33 31 27 25 23 20 19 20 22 21 19 18 18 17 14 13 11 13 14 14 13 12 10 14 16 14 12 11 10 9 8 7 9 9 11 11 12 11 13 13 12 12 13 12 14 17 20 19 18 20 22 23 23 22 20 20 21
91 89 86 81 76 72 68 65 60 54 52 50 50 46 43 43 42 41 40 40 41 39 36 34 36 38 40 40 39 36 34 33 32 35 38 35 33 34 34 32 30 27 25 23 22 22 23 23 22 19 18 19 17 15 13 12 13 12 12 12 12 12 14 15 13 13 12 11 10 7 7 7 10 11 12 12 10 11 12 10 11 12 13 16 18 21 20 19 20 21 22 22 21 21 22 23
92 91 88 83 81 78 76 75 68 62 58 58 56 52 47 46 48 46 42 40 39 35 34 37 36 39 41 39 36 34 31 30 29 31 31 32 32 32 30 28 27 25 23 23 24 25 24 23 21 19 18 17 16 14 12 11 12 13 12 13 13 14 15 13 12 14 13 12 11 12 10 9 11 13 12 12 11 10 12 12 13 13 15 17 19 20 20 20 21 22 21 21 21 21 22 23
94 93 91 88 86 82 81 80 77 70 63 60 57 56 52 50 50 50 48 42 38 34 34 37 39 42 42 39 35 32 29 29 28 26 27 28 30 29 28 27 26 24 22 22 24 25 24 23 21 19 17 14 14 13 11 8 8 11 12 12 13 14 14 13 13 15 15 13 14 14 13 11 10 11 12 11 11 12 13 13 15 14 15 18 20 22 23 23 22 21 20 20 20 21 21 22
95 92 90 90 89 87 87 85 80 72 67 64 61 57 53 50 51 53 50 44 40 34 37 40 42 43 41 39 34 30 30 30 30 27 25 29 27 27 27 26 25 23 22 21 23 23 23 21 20 19 16 13 13 13 11 6 6 9 11 10 10 11 12 12 12 13 15 14 15 16 15 12 9 10 11 10 11 14 14 15 15 14 15 18 21 23 25 24 23 21 20 20 22 21 21 20
93 90 89 90 92 91 89 86 82 78 73 70 64 58 52 50 49 50 48 44 40 38 40 45 44 42 42 39 35 34 34 32 33 30 29 31 29 26 27 25 24 22 21 21 22 23 22 21 21 21 16 12 12 13 12 8 6 9 10 9 9 9 9 10 9 9 12 14 17 18 16 12 10 10 11 10 11 14 16 16 16 14 15 18 22 24 25 25 24 22 21 21 22 22 22 21
95 91 90 90 91 90 88 86 84 80 73 70 65 57 54 49 47 47 48 43 41 40 42 46 46 45 46 44 41 39 38 36 35 35 33 33 30 26 25 25 24 23 21 21 23 24 22 22 24 21 16 13 13 13 13 10 6 8 11 10 9 7 9 10 9 10 13 17 19 18 17 16 13 13 10 10 14 16 17 18 19 18 17 19 23 24 23 24 25 23 22 21 21 22 22 22
98 94 92 90 90 88 87 85 81 77 71 69 62 56 54 50 47 47 47 43 41 41 42 44 47 47 48 48 45 42 42 41 39 37 34 32 31 26 24 23 24 23 21 22 24 25 23 23 23 22 18 15 13 13 12 9 7 8 11 11 10 10 11 11 11 14 19 21 22 21 19 19 18 16 13 14 17 18 18 20 21 21 20 20 23 24 22 22 23 23 22 21 20 22 21 22
96 95 91 90 90 88 85 81 78 75 71 67 59 54 54 50 45 44 45 45 44 45 45 47 48 46 45 46 44 42 41 41 40 35 33 32 30 27 24 23 22 22 22 24 25 26 23 22 23 21 17 14 13 11 10 10 9 9 10 11 12 12 13 13 15 19 23 24 24 22 20 20 19 18 16 17 18 19 20 22 22 22 21 21 23 23 22 22 22 22 23 22 22 22 21 21
95 94 91 90 89 84 79 77 76 74 71 66 56 54 53 48 44 43 45 47 48 49 49 48 48 44 41 41 41 40 39 39 36 33 29 29 27 26 25 24 22 21 22 24 26 25 22 23 22 17 15 14 13 10 9 12 11 10 11 11 11 13 14 16 19 22 23 23 23 21 20 19 19 19 19 19 19 21 22 24 24 23 23 23 23 22 23 23 23 23 24 23 22 22 21 21
