includes/bs_srtm30.asc
ncols        101
nrows        139
xllcorner    295129.163634492725
yllcorner    1624787.130512699485
cellsize     30.339281122069
[rows 0 to 55 of 139, columns 0 to 95 of 101]
105 103 101 95 89 87 84 82 81 79 76 74 73 72 72 71 70 70 71 70 71 78 84 85 88 92 96 98 100 98 100 103 105 105 105 102 99 103 106 108 111 112 115 112 110 112 115 116 116 115 115 115 115 113 112 115 112 112 112 113 111 111 113 114 112 114 113 111 110 110 110 109 108 106 103 101 103 104 99 94 92 88 80 78 69 60 57 53 51 49 43 40 36 31 33 29
107 106 104 98 91 88 89 86 83 79 79 78 76 74 73 71 69 69 66 66 69 74 79 84 88 93 95 96 94 93 94 97 98 100 99 98 101 103 105 106 108 111 111 110 112 115 118 118 116 115 115 116 114 111 111 113 113 112 113 112 108 107 108 107 112 112 111 110 109 108 109 108 107 104 99 97 98 99 95 91 89 85 79 78 72 63 61 51 46 43 41 38 31 28 30 28
106 105 103 99 95 91 91 88 85 82 82 81 78 75 72 70 69 67 67 65 65 68 73 81 88 90 90 89 87 89 91 93 96 96 95 95 101 103 104 103 103 106 108 112 115 117 118 118 116 115 115 114 112 110 111 113 113 112 111 108 106 105 108 107 109 111 111 108 106 106 107 106 106 102 98 95 95 95 92 86 84 83 79 80 74 72 67 57 46 40 35 32 28 26 26 24
102 104 102 97 93 92 91 89 86 84 83 81 78 75 73 71 68 67 67 66 65 66 71 78 83 84 86 84 83 87 89 90 93 93 92 95 99 101 101 100 100 102 108 111 113 114 115 115 113 113 113 112 112 111 112 113 112 110 108 106 104 105 104 105 108 111 109 107 105 105 105 103 102 100 97 94 93 92 89 87 84 79 78 77 72 69 69 59 46 38 34 31 29 27 25 22
100 102 101 95 88 87 88 87 86 83 81 79 77 74 73 71 68 66 67 67 66 66 69 72 74 77 81 80 80 83 85 88 91 92 91 93 96 98 98 96 96 99 106 110 111 111 110 109 109 110 111 112 111 111 112 111 111 107 106 106 104 102 103 104 106 109 107 107 106 104 103 102 100 98 95 93 92 91 89 89 85 79 76 73 70 67 66 58 46 39 36 32 31 30 26 23
96 98 98 92 86 85 86 84 83 81 80 79 76 73 72 71 68 65 67 70 68 68 68 70 70 72 76 78 78 80 83 87 90 91 92 91 93 95 95 94 94 98 102 107 107 107 106 104 105 107 109 110 110 109 109 110 108 105 106 105 102 102 102 103 103 104 107 108 107 104 102 101 99 94 91 88 89 88 87 88 84 76 73 71 68 67 62 54 47 40 35 30 31 29 26 24
94 96 96 92 87 84 84 83 82 80 78 75 73 72 71 71 67 66 71 71 70 72 74 76 72 71 74 77 78 78 82 86 88 89 91 92 92 92 93 94 93 93 98 105 105 104 102 101 101 103 106 110 111 109 108 109 108 105 104 103 102 102 101 99 101 102 106 107 106 103 102 101 96 94 89 86 85 82 80 82 81 74 68 68 69 66 59 51 45 38 32 33 30 27 28 27
91 93 93 89 83 82 83 83 81 78 74 71 69 69 70 70 67 67 72 69 73 80 85 87 84 80 80 82 80 81 82 85 86 86 88 90 91 89 93 94 91 91 96 103 105 102 99 99 100 102 106 111 111 108 107 109 108 104 104 102 101 101 98 96 98 101 102 104 104 103 100 98 97 95 89 83 79 74 70 71 73 68 64 66 70 67 59 47 39 33 32 32 28 27 28 28
88 90 86 84 81 81 81 81 82 80 74 69 68 71 72 71 68 68 72 74 79 87 95 97 95 93 94 89 86 86 84 83 82 83 84 86 86 89 92 91 90 90 95 99 101 100 99 100 101 103 106 110 110 108 107 109 107 104 102 100 99 98 95 94 95 97 100 103 105 103 100 97 95 93 86 81 75 67 63 63 64 63 60 63 66 64 56 44 38 33 34 31 28 27 27 27
81 82 82 81 80 79 78 80 88 85 75 69 74 75 73 72 71 72 76 79 83 92 100 101 100 99 100 97 95 93 88 84 81 80 81 83 82 85 88 89 89 91 93 94 97 97 99 102 102 104 106 109 110 109 108 107 105 102 100 100 99 95 92 91 91 94 99 103 105 104 101 97 96 90 83 80 76 68 63 64 61 57 51 51 54 56 48 41 37 35 34 31 28 26 26 26
74 75 76 77 78 77 77 81 90 76 70 69 74 73 72 71 71 75 77 81 87 94 99 99 98 99 102 103 102 99 91 88 83 80 80 82 81 81 86 89 90 93 96 97 97 96 97 100 102 104 106 109 109 108 107 108 105 100 99 100 100 97 92 87 89 93 98 102 104 105 103 100 96 90 85 83 80 77 72 67 64 57 48 43 47 48 44 39 36 34 32 30 26 24 25 27
71 71 72 74 74 75 76 78 82 71 67 67 71 72 70 68 71 75 77 85 90 94 96 96 96 98 103 104 104 102 97 93 90 85 85 86 83 81 85 89 91 93 98 100 98 95 96 98 102 104 106 109 109 107 107 108 103 96 97 99 99 97 92 86 88 94 99 102 103 104 104 101 97 91 88 86 84 81 77 76 69 59 46 41 42 43 40 36 31 29 30 29 26 23 27 27
68 68 69 70 68 67 67 72 76 69 68 67 68 69 68 67 69 71 77 83 86 89 91 92 93 97 101 102 102 103 102 99 97 92 91 92 88 85 86 88 89 91 95 97 97 96 96 98 101 103 105 107 107 105 105 104 98 91 92 95 95 93 88 89 92 96 100 102 103 104 104 101 97 92 90 87 84 81 78 74 67 57 48 41 37 39 36 32 29 27 28 28 27 25 25 26
67 67 67 67 67 67 67 67 75 70 68 68 68 68 67 68 68 70 74 79 83 85 85 87 90 94 98 99 96 98 98 96 95 94 94 93 91 89 89 89 87 87 89 93 94 96 96 97 100 103 105 106 104 102 101 98 94 90 88 89 89 86 83 87 95 98 101 103 103 103 103 101 97 93 91 89 85 81 75 71 62 56 52 43 37 36 35 32 29 25 25 26 26 24 24 25
67 67 67 67 67 67 67 67 75 69 67 68 68 68 68 69 70 71 74 78 82 85 87 88 90 92 95 96 93 91 89 88 89 93 92 93 94 94 94 91 88 86 87 91 94 94 95 96 100 102 103 103 102 101 99 96 93 92 86 84 84 82 81 88 96 99 101 102 102 101 99 97 94 91 91 89 86 80 75 69 62 56 50 43 36 34 33 30 28 24 23 25 25 25 25 25
67 67 67 67 67 67 67 67 67 68 66 65 65 65 68 70 72 74 77 82 84 88 89 90 90 90 92 94 92 89 85 83 83 89 85 88 94 95 95 94 91 88 87 91 90 90 92 96 99 98 98 99 100 99 96 95 94 93 87 83 82 81 81 86 93 99 100 99 99 99 97 93 89 90 88 86 82 79 75 69 65 59 54 46 39 34 30 28 25 23 23 23 24 24 25 24
67 67 67 67 67 67 67 67 67 68 61 62 62 63 66 69 75 77 82 85 87 89 91 91 90 90 90 91 93 92 85 78 78 79 79 82 88 92 92 93 92 88 90 92 90 89 90 93 94 94 95 97 98 96 95 95 95 93 90 86 80 78 78 81 88 94 95 94 94 96 94 90 88 87 82 81 80 79 73 70 67 61 55 46 40 37 32 28 24 24 22 21 20 23 23 22
67 67 67 67 67 67 67 68 68 68 61 65 65 63 63 70 75 80 84 86 89 91 91 91 90 89 90 90 91 91 85 77 74 75 76 77 83 86 87 93 92 91 93 94 91 90 91 92 94 95 98 99 99 97 96 96 96 94 90 83 74 72 71 75 82 87 88 89 91 92 91 90 90 83 80 80 79 76 71 67 64 60 54 47 41 38 36 31 26 26 24 21 21 22 22 20
67 67 67 67 67 67 68 68 67 65 67 70 69 65 65 73 81 83 85 85 87 89 89 89 89 89 90 88 87 86 84 78 74 71 70 74 80 82 87 86 88 92 93 94 93 92 93 95 95 99 100 103 102 101 99 97 97 96 89 80 73 70 68 73 78 79 83 86 90 91 91 91 88 83 78 77 76 70 66 64 62 58 52 49 42 37 36 30 28 28 26 22 22 23 22 20
67 67 67 67 67 68 71 72 70 70 71 72 73 69 69 77 83 85 84 83 84 85 86 87 88 88 88 87 83 82 81 79 76 72 68 70 80 82 82 82 85 89 91 95 96 95 96 97 98 100 101 102 104 103 100 99 98 95 85 77 73 71 70 73 74 73 77 82 89 93 92 90 87 83 76 73 69 65 62 57 56 52 49 45 38 35 34 28 28 28 25 23 22 21 21 23
67 67 67 68 68 69 72 72 72 73 73 74 75 73 75 80 84 83 83 81 83 83 83 84 85 84 83 83 82 80 78 79 78 74 68 70 75 76 75 78 82 86 90 95 98 99 97 97 98 99 99 102 103 103 100 96 95 90 81 74 71 67 67 74 72 71 73 79 87 92 91 89 87 81 75 72 69 66 58 49 47 49 47 39 32 34 32 28 26 25 22 22 22 20 22 28
67 73 74 73 70 71 72 72 74 75 76 78 80 80 83 86 85 83 81 81 82 80 81 82 81 80 82 84 83 75 76 78 77 74 68 64 70 69 70 76 80 83 87 90 95 97 92 91 94 96 97 100 98 97 95 88 85 83 79 72 67 61 64 71 71 68 69 76 84 88 88 88 86 79 72 69 69 65 57 49 43 44 43 36 31 29 29 24 23 22 21 22 22 21 22 30
71 73 72 70 71 73 73 72 74 76 78 80 81 83 84 84 83 81 80 80 78 77 78 78 78 79 80 81 80 74 72 73 77 73 66 62 63 65 68 73 75 79 82 85 88 89 88 87 89 92 93 94 92 91 88 81 77 76 76 72 65 57 59 65 65 62 64 70 77 82 84 84 82 77 72 69 65 60 55 48 41 39 39 35 30 28 25 24 23 23 23 23 21 20 22 26
72 72 69 68 70 75 74 73 75 76 77 79 80 80 79 78 78 78 78 77 76 75 76 76 76 77 76 74 72 69 72 73 71 68 64 60 60 62 65 68 71 73 77 79 80 82 82 82 83 87 89 91 86 85 80 74 70 71 73 71 62 56 55 58 59 58 59 63 70 75 79 79 77 75 73 68 64 60 55 49 43 40 38 34 30 27 26 24 24 25 25 23 21 21 23 25
72 73 72 70 71 74 73 73 75 76 77 78 78 78 77 76 76 77 76 76 75 74 75 75 74 74 73 72 69 69 67 66 65 64 62 58 56 57 61 63 64 69 70 73 75 76 76 78 78 81 87 88 83 80 77 71 68 68 68 65 61 55 51 53 58 59 58 59 63 67 70 75 76 76 73 71 68 64 61 53 47 44 40 34 28 27 25 24 24 25 25 23 22 23 26 28
72 73 73 71 71 72 72 73 74 75 76 77 77 77 77 76 77 77 77 76 75 75 75 74 72 71 73 72 69 67 66 65 64 63 61 59 55 54 59 58 60 63 65 69 71 72 72 74 75 79 87 87 82 80 76 71 68 66 64 60 59 54 52 57 63 62 56 56 58 59 65 73 77 76 72 70 66 63 60 55 48 45 41 34 31 28 25 24 23 24 24 23 23 23 25 28
73 73 74 71 70 71 73 74 75 77 77 76 76 76 75 75 76 78 77 76 75 75 74 73 70 71 73 70 67 64 62 62 62 62 61 58 56 55 55 55 56 60 61 65 68 69 69 72 76 80 87 87 83 78 75 72 71 67 62 57 55 52 51 60 65 60 54 53 53 54 60 69 75 76 71 66 62 60 54 53 48 43 38 34 32 29 27 25 24 24 23 22 22 20 22 25
71 71 72 72 71 73 74 75 78 80 79 77 76 76 73 74 76 76 75 74 73 74 75 72 70 71 71 68 63 59 58 60 61 61 60 58 57 56 54 53 55 57 58 61 65 66 67 70 74 79 84 85 83 77 74 72 70 66 60 53 52 49 49 56 61 57 52 50 48 50 56 64 71 75 68 62 57 53 50 48 45 38 34 31 30 30 28 26 25 23 22 22 21 19 19 22
69 70 72 72 71 73 77 78 79 80 79 77 78 75 73 75 76 75 74 73 73 75 75 72 74 78 74 66 61 57 57 59 61 62 60 60 59 58 55 53 55 58 58 59 61 62 64 67 73 77 82 84 81 76 71 68 67 66 59 54 51 48 49 53 59 57 53 47 46 49 55 62 72 74 69 59 55 52 48 47 45 36 31 28 27 28 26 24 24 22 22 24 22 20 20 20
70 72 73 73 71 73 79 80 79 78 76 77 78 76 74 76 75 74 72 73 73 75 76 75 83 84 78 69 61 55 55 59 61 62 62 61 60 57 54 53 54 56 57 58 59 60 62 68 73 79 84 85 80 73 69 66 65 62 60 55 51 48 47 54 58 58 51 45 45 48 54 61 70 79 75 64 57 52 48 45 43 35 32 29 27 26 24 21 21 20 21 23 21 20 20 17
72 74 74 73 72 75 79 79 77 75 74 75 77 76 75 75 74 72 71 73 73 74 76 79 85 86 83 74 64 56 56 58 60 62 62 61 59 56 53 51 52 53 55 57 56 56 58 65 72 78 83 85 80 73 68 66 63 63 61 57 52 46 45 51 55 52 49 47 45 46 51 60 71 79 78 68 57 51 45 41 37 34 32 29 26 26 22 20 19 21 22 22 20 20 20 16
72 74 73 72 72 74 77 77 76 75 74 74 75 75 75 75 74 72 71 70 71 74 78 85 87 86 84 80 69 58 56 57 59 61 62 60 59 58 54 50 49 50 53 53 52 51 54 61 68 74 81 85 82 71 68 65 62 61 60 55 50 44 42 44 46 47 47 48 45 44 49 58 68 75 76 65 56 48 42 36 33 32 30 27 24 23 21 19 19 22 23 22 20 20 17 16
71 72 71 70 71 74 75 76 75 73 74 74 74 75 75 75 74 72 70 70 71 76 82 85 87 87 86 81 71 62 57 56 58 60 60 58 58 58 55 46 46 48 49 49 48 49 52 57 65 71 79 83 80 73 68 63 59 59 57 53 49 45 41 40 41 41 44 45 42 42 47 58 65 73 70 64 57 48 39 33 31 30 29 24 21 22 21 20 20 21 24 21 19 19 17 16
72 71 70 71 73 76 75 74 73 72 73 74 73 75 75 75 75 74 71 71 72 75 82 84 87 87 85 81 72 62 54 55 58 59 59 58 57 56 52 44 44 45 46 48 47 48 50 57 63 72 78 81 80 75 69 63 60 59 58 54 52 47 42 39 38 38 37 40 39 39 42 50 63 71 71 66 60 50 40 35 32 29 27 23 23 24 23 21 20 21 23 21 20 17 15 13
70 70 70 72 76 76 74 74 74 72 72 73 75 75 75 75 75 74 72 72 73 79 83 87 88 88 88 82 72 60 52 54 57 58 58 58 57 56 52 47 44 44 45 46 47 48 54 61 64 74 82 81 80 76 71 65 63 62 61 58 53 49 44 42 40 38 35 35 37 37 36 40 57 67 71 67 61 51 42 37 32 26 24 24 25 24 22 20 20 21 22 22 18 16 13 10
70 70 72 74 75 74 73 75 74 72 73 74 75 76 76 76 75 74 72 73 73 75 80 87 90 89 87 81 74 62 53 52 54 56 57 57 58 56 53 50 48 46 44 43 45 49 58 62 64 73 81 81 81 77 74 69 66 66 65 61 56 53 52 48 42 38 35 34 34 34 35 39 51 63 66 64 58 50 42 37 30 25 24 24 22 21 20 19 20 20 22 23 19 16 13 11
70 71 72 72 71 72 73 73 74 74 73 74 75 75 75 75 75 73 73 72 73 71 76 84 88 88 85 82 76 63 54 52 54 56 56 57 58 57 55 53 51 48 43 41 42 48 54 57 61 68 77 78 79 77 76 72 69 66 67 62 60 59 57 51 44 40 38 35 34 34 36 38 47 57 60 59 54 46 39 33 29 24 23 21 20 21 20 20 20 20 21 21 19 17 16 15
71 72 72 69 70 72 71 71 74 74 75 75 74 74 74 74 74 73 72 73 72 69 73 80 86 86 86 84 78 65 57 54 55 56 56 56 57 58 56 56 52 46 43 41 41 45 50 52 58 65 71 74 76 76 74 73 72 71 71 70 66 64 60 55 48 45 44 39 36 37 36 36 42 50 50 48 46 41 33 30 27 23 22 21 22 22 22 20 20 19 20 18 18 18 17 15
70 72 72 70 69 71 70 71 74 76 75 75 74 73 73 72 72 73 73 72 72 69 68 73 79 84 85 84 78 68 58 56 56 55 53 53 56 57 56 54 50 43 41 40 40 43 48 53 58 64 67 71 74 74 75 74 76 76 75 73 70 65 61 59 55 53 48 42 39 37 35 33 38 41 41 39 39 37 31 29 26 24 23 23 22 22 22 22 20 19 18 17 18 17 15 14
69 71 72 69 67 68 70 71 74 76 75 74 74 73 71 71 70 73 71 69 69 68 66 67 72 74 77 77 74 67 57 56 56 54 51 52 55 56 54 52 45 40 39 39 38 41 48 53 59 62 67 72 74 74 73 75 78 79 76 72 69 65 62 62 63 59 51 45 41 39 36 34 35 35 35 34 32 31 31 30 26 24 23 22 21 22 23 22 20 20 19 18 17 16 14 14
71 71 70 70 67 68 69 70 74 75 73 72 73 73 71 69 67 70 69 67 66 64 63 63 64 65 66 68 67 62 56 55 56 53 50 50 52 52 48 47 42 39 38 37 37 39 47 50 54 58 64 69 72 72 72 73 76 77 74 70 66 64 62 61 62 59 53 46 44 41 39 37 36 34 31 29 27 28 30 28 24 22 21 20 20 21 21 21 20 19 19 18 17 14 13 13
72 71 71 70 68 68 69 70 72 73 72 71 72 72 69 67 65 68 68 66 62 61 60 59 59 59 61 63 61 57 53 52 54 51 50 48 48 46 43 43 40 38 36 36 36 39 46 49 51 56 61 66 69 70 71 71 73 74 73 70 68 65 61 60 60 58 54 47 45 44 43 40 38 35 31 27 25 26 26 24 23 22 20 20 19 18 19 20 18 18 17 17 15 13 13 13
74 71 71 72 70 69 69 69 70 70 70 70 70 69 67 65 62 64 64 62 59 58 56 55 55 55 55 55 54 49 47 49 50 48 48 47 46 44 43 42 40 36 33 34 36 41 47 52 54 58 63 68 67 69 70 70 72 73 72 72 70 66 61 59 58 55 51 48 47 47 46 43 41 38 33 27 26 25 24 22 24 23 21 19 19 19 21 21 16 15 15 14 14 13 12 13
74 72 72 72 71 69 68 68 66 66 67 68 67 65 64 63 59 58 58 58 56 55 53 52 53 52 51 51 49 45 45 46 45 46 47 48 47 47 46 44 40 36 33 34 36 40 45 52 56 59 63 67 67 67 67 69 72 71 70 70 69 63 59 56 54 50 47 46 47 47 47 45 42 39 34 27 25 24 23 23 24 23 19 18 19 21 22 20 17 16 15 13 13 13 13 13
76 75 73 73 71 69 68 66 65 66 65 66 64 63 64 58 58 56 55 56 55 53 53 51 50 50 49 48 46 44 44 44 46 48 50 51 46 45 45 42 38 36 33 33 35 39 42 49 56 60 63 66 67 64 62 64 68 69 68 69 67 61 57 55 52 46 44 44 45 46 46 44 41 38 32 27 24 22 22 23 22 21 20 19 21 20 19 19 17 17 15 13 13 14 15 15
78 75 74 73 71 69 68 65 65 66 66 65 63 64 66 59 57 55 54 54 53 53 53 51 50 48 45 42 42 44 46 50 52 55 55 53 46 42 39 37 36 32 30 32 34 38 42 49 54 58 63 65 64 60 58 60 64 66 67 67 64 59 58 55 49 44 42 43 43 45 43 42 40 36 29 26 22 19 21 22 21 20 20 21 21 20 16 16 16 16 15 15 14 15 15 15
72 72 71 72 71 71 69 65 64 66 67 64 62 63 64 61 57 54 54 53 53 54 55 53 49 46 44 41 40 44 47 53 55 56 55 53 48 42 37 35 34 32 31 32 36 38 43 48 53 59 63 63 60 58 58 60 64 67 67 65 61 56 56 53 47 43 41 41 42 44 43 40 38 32 25 23 21 19 21 22 20 20 19 20 20 16 15 15 15 16 15 14 13 14 15 14
67 67 69 70 72 73 70 67 66 67 66 64 62 63 62 60 57 55 55 54 52 52 54 52 48 45 44 41 41 40 43 50 54 56 56 54 48 40 36 36 37 36 34 33 37 40 41 45 53 58 62 61 58 56 57 61 66 68 67 65 61 55 52 47 44 41 40 39 40 43 42 38 35 27 23 23 20 20 21 22 21 20 19 18 18 17 16 16 15 17 16 13 12 14 15 13
66 66 69 72 72 73 72 72 72 70 67 64 64 64 61 57 57 56 55 53 49 48 51 52 48 45 42 40 39 39 43 51 54 55 53 50 45 37 39 40 41 37 35 31 34 39 41 44 50 55 58 60 56 54 56 60 63 65 63 63 60 54 49 44 41 38 38 36 36 37 38 37 32 26 24 23 20 21 22 21 21 21 19 16 16 17 18 17 16 16 15 13 12 15 17 12
66 66 68 70 70 72 72 74 73 72 69 67 64 65 62 57 55 54 53 52 47 45 47 48 49 45 41 38 38 40 46 52 55 55 48 46 42 40 42 44 42 38 35 33 35 38 41 45 48 53 57 58 56 54 55 57 60 61 61 61 57 53 49 44 40 40 38 35 32 32 36 33 30 26 25 23 21 22 21 21 21 22 19 16 16 16 17 16 15 14 15 13 13 15 15 14
64 64 66 66 68 70 71 72 72 71 70 68 62 62 59 55 51 50 51 50 46 43 42 44 45 42 40 37 36 38 42 46 51 50 46 43 41 42 45 45 40 36 34 35 36 37 41 45 49 54 58 59 57 56 56 56 58 61 62 59 56 53 50 47 46 43 40 36 33 33 32 29 26 21 19 20 21 21 21 20 23 23 20 16 16 15 15 13 12 13 14 13 13 13 13 13
63 64 65 65 66 68 69 69 68 68 67 60 58 58 55 52 49 48 50 48 45 43 42 42 40 38 38 36 35 36 36 39 40 42 41 41 42 45 47 44 38 35 32 33 34 35 38 46 52 58 60 61 59 58 57 57 58 59 57 55 53 52 49 46 44 43 41 39 36 34 29 26 22 19 17 18 19 21 21 21 21 21 16 16 14 13 13 12 11 12 14 13 13 13 12 11
64 65 65 64 64 65 67 67 66 66 62 58 56 56 57 53 51 50 49 48 45 44 43 41 38 37 37 37 38 36 35 35 36 35 37 40 45 47 49 44 41 36 32 33 36 35 37 46 52 57 61 62 60 57 54 55 55 53 53 50 48 47 46 45 44 44 44 41 36 32 29 24 22 21 19 18 19 21 22 19 18 18 15 14 13 11 12 12 10 12 13 14 14 14 12 12
64 64 63 63 62 63 65 66 66 66 61 59 59 60 60 57 53 52 51 50 48 46 44 41 38 37 37 39 40 40 39 36 34 33 36 41 47 48 46 44 44 36 32 34 35 36 39 45 52 55 59 61 60 56 52 50 48 47 47 47 46 44 44 45 45 45 43 40 35 31 29 25 23 23 21 19 19 21 19 17 17 16 14 12 11 11 12 12 11 11 13 13 14 14 14 14
62 63 62 61 62 63 64 66 66 65 63 64 63 61 59 55 53 53 54 53 51 50 45 40 39 37 37 38 41 43 42 39 38 36 40 47 51 50 45 44 44 38 32 30 32 35 38 43 49 52 56 61 59 56 51 47 44 41 41 44 44 44 45 46 46 44 42 40 35 32 28 26 23 22 21 19 19 18 16 15 19 16 14 12 11 12 13 13 13 12 12 13 13 14 15 16
62 62 62 62 63 63 64 66 67 67 66 64 63 62 58 53 53 55 56 55 53 50 44 40 38 37 37 38 42 45 46 47 48 47 48 49 51 50 47 44 43 38 31 28 29 32 37 41 46 51 54 59 60 58 53 48 45 41 40 41 42 44 45 48 49 47 46 43 37 33 29 26 22 20 20 20 19 18 17 17 21 18 16 14 12 14 13 13 13 12 13 13 13 14 16 16
